n0=0.499946;
n1=0.499969;
