n0=0.499947;
n1=0.500061;
