n0=0.499994;
n1=0.500014;
